31.1233 4.99997 52.9644
35.8509 4.99997 51.8619
33.5433 4.99997 49.8766
33.2698 4.99997 51.2499
35.8226 4.99997 52.8506
38.2607 4.99997 49.3718
36.0702 4.99997 52.0707
36.3493 4.99997 52.0895
34.2392 4.99997 51.3442
33.813 4.99997 50.9312
33.7181 4.99997 52.6194
36.2152 4.99997 52.7579
38.0715 4.99997 54.6655
34.6434 4.99997 50.8154
34.0252 4.99997 49.6668
35.8433 4.99997 56.0052
35.5702 4.99997 51.5286
34.3158 4.99997 49.1766
34.8662 4.99997 50.6651
37.074 4.99997 52.781
34.8851 4.99997 51.6468
35.3045 4.99997 51.7778
34.8978 4.99997 55.3691
36.3739 4.99997 54.7665
29.8821 4.99662 50.2388
36.9291 4.99997 51.9356
33.6893 4.99997 50.4016
33.7424 4.99997 55.3064
33.4896 4.99997 50.6858
34.382 4.99997 52.985
37.6505 4.99997 53.8038
39.1615 4.99997 54.987
31.5788 4.99997 53.7224
36.7662 4.99997 51.691
34.3559 4.99997 51.0374
34.889 4.99997 51.747
32.2581 4.99997 53.4432
35.3486 4.99997 53.6908
36.8348 4.99997 51.5394
33.4179 4.99997 53.5775
35.7187 4.99997 53.6614
34.089 4.99997 50.401
35.6189 4.99997 50.991
30.3468 4.99066 49.1599
37.1992 4.99997 53.4035
35.6526 4.99997 53.2141
38.3694 4.99997 55.2797
37.5401 4.99997 52.3328
36.5355 4.99997 47.8069
35.1618 4.99559 47.0986
34.4055 4.91546 45.4635
33.2696 4.99414 48.1039
30.9251 4.98128 46.6884
36.8394 4.99997 50.1759
34.245 4.99997 50.8304
36.0928 4.99997 47.3511
33.1799 4.9965 48.4903
35.396 4.99997 51.4656
32.3164 4.98547 47.2443
37.6115 4.99997 49.2039
37.1184 4.99997 49.1231
34.5848 4.99997 49.2339
35.2507 4.99997 51.2342
33.4645 4.98463 46.7192
34.4514 4.99997 50.6662
37.2649 4.99997 51.6931
33.0605 4.99997 49.803
33.1039 4.99997 49.5593
33.016 4.99997 50.7239
36.8685 4.99997 48.3704
35.2768 4.99997 49.3746
33.3953 4.99997 49.5169
36.2481 4.99997 50.4083
34.4459 4.99997 49.5493
35.313 4.99997 49.3625
32.9496 4.99487 48.2228
31.5718 4.98505 47.4875
34.8781 4.99997 50.1908
33.9215 4.99621 48.4416
34.7434 4.99997 48.7826
32.7984 4.99997 50.6586
33.4975 4.9949 48.2272
33.2108 4.99745 48.6468
35.9654 4.99997 48.988
36.3901 4.99997 49.717
36.9415 4.99997 48.7822
32.8752 4.99997 50.138
35.1465 4.99997 48.6424
35.5928 4.99997 53.4006
31.4081 4.99997 50.7253
32.5875 4.99997 50.7684
35.6365 4.99997 49.3648
30.5979 4.99806 49.6714
35.6537 4.99997 48.6859
35.0328 4.93208 45.197
34.082 4.99997 51.073
37.0756 4.99997 51.8075
33.876 4.99997 50.2373
32.6984 4.99313 47.937
32.8211 4.84271 45.0824
31.4386 3.98836 42.3827
30.0609 4.94213 45.022
32.6222 4.97839 46.5327
33.5817 4.39014 43.2777
33.2803 4.74832 44.1309
34.5564 3.72134 41.5827
32.131 4.95281 46.2793
32.7626 2.53707 40.0317
32.5713 2.73595 40.2512
35.8919 4.99997 48.0568
34.8141 3.9934 42.0646
30.3687 4.97116 45.8368
36.2416 4.94626 44.9745
33.0642 2.47076 40.0086
32.8988 4.19531 42.887
36.195 4.43978 42.7203
35.3789 4.9972 47.1448
30.479 4.97918 46.2917
33.1892 3.79984 42.0109
33.7474 4.17224 42.8044
33.3751 3.72454 41.8437
34.3847 4.60128 43.5349
37.3329 4.91174 44.2481
36.3281 4.93887 44.7376
37.6797 3.02171 40.5302
33.0505 4.11322 42.7052
31.678 4.1815 42.8377
31.2613 3.34443 41.0006
33.6678 4.89863 45.6379
33.8434 4.67406 43.8757
33.5144 2.02826 39.5548
35.1933 2.5878 40.1744
35.7163 4.59992 43.2678
33.015 4.92199 45.914
36.283 2.9859 40.4003
32.4967 4.13277 42.7549
30.9826 4.7162 43.8421
33.5515 3.84611 42.1135
37.1151 4.90201 44.0269
31.9167 3.88864 42.1697
31.8282 3.39299 41.2025
31.6296 3.34894 41.1329
32.5731 4.5885 43.7421
32.2377 3.83249 42.0516
36.5457 4.13989 41.8251
34.1224 4.78399 44.2588
32.6182 4.6401 43.8508
36.5014 4.95424 45.1784
36.2589 4.99247 46.3541
42.2877 4.55623 45.7551
42.9124 4.56791 47.2838
43.2178 4.34026 45.8897
40.7402 4.96406 49.4563
40.4549 4.51026 43.8
39.9264 4.97552 46.9425
42.9086 4.53949 46.4907
40.0032 4.96387 46.4225
41.4538 4.93506 47.2658
39.149 4.99589 46.7604
41.326 4.94257 47.74
40.6253 4.96636 48.2284
37.7659 4.99997 50.6199
36.9576 4.94962 45.0402
41.1779 4.65195 44.8944
39.1861 4.96522 45.9884
39.9469 4.89456 45.0287
43.0987 4.52803 47.6345
43.7769 4.37509 48.5981
39.6373 4.9463 45.8649
40.5449 4.92036 45.8585
40.5646 4.9631 47.6233
40.8517 4.95003 47.0187
39.6309 4.3821 43.1533
43.6342 3.70907 44.706
44.6214 3.80805 49.6207
39.7245 4.85386 44.6246
40.784 4.93538 46.2935
43.1371 4.02863 44.9488
41.9532 4.82351 48.4362
39.9691 4.97948 47.856
40.7442 4.95064 46.7239
39.8862 4.93404 45.7602
42.0238 4.8006 47.7461
39.4044 4.98139 46.4348
40.2717 4.96585 46.9518
40.7363 4.95952 47.7773
38.9645 4.99958 47.6775
41.2248 4.95403 48.786
37.3959 4.99997 48.8826
39.3877 4.91165 45.0312
41.3153 4.62786 44.8946
42.5856 4.66164 47.6276
35.7049 4.38623 42.6601
45.2909 2.71971 45.5669
41.357 4.57708 44.6744
44.3605 3.65517 45.8484
38.3481 4.98663 46.1478
36.7029 4.99998 46.6497
39.7858 4.98315 47.4733
24.189 3.70119 41.6502
23.2553 3.64691 43.0766
26.4997 4.8717 43.3582
25.9352 4.8609 44.8076
26.0563 4.40384 41.4225
25.2533 3.40443 40.3611
23.7164 4.14654 43.5086
27.3878 4.97501 45.3561
26.7012 4.94117 45.7602
27.4583 4.89593 43.5809
25.454 4.74789 43.8094
27.1428 4.78801 42.8188
26.1291 4.828 43.4074
26.1024 4.86305 43.6867
29.2701 4.60787 42.0171
27.9536 4.97347 44.8283
27.4063 4.90584 43.6462
26.3017 4.72921 42.4827
22.3792 0.789493 38.856
26.6386 4.8719 43.3677
28.7281 4.99602 46.2797
27.1528 4.6938 42.1751
24.5922 1.67753 38.6665
29.0819 4.91107 43.9008
25.79 4.79575 46.0388
27.3487 4.94339 43.9017
29.0196 4.44414 41.3648
25.2804 4.53319 42.6047
24.8161 4.43593 42.8837
23.7601 4.23757 45.4482
23.5488 4.18192 44.4326
26.1931 4.91964 44.5604
23.9084 2.87941 40.6904
25.9041 4.86549 44.3448
24.874 4.64703 44.6497
23.2653 3.63589 43.0276
24.8418 4.56876 43.4401
25.9925 4.86522 45.1201
28.2079 4.90717 43.702
23.7605 2.05996 39.7856
29.9744 4.96724 45.4467
32.6706 3.91071 42.2482
25.8695 4.86311 44.146
27.4938 4.29844 40.9354
27.757 4.96567 44.3565
25.5408 4.64728 42.9933
29.091 4.95232 44.2661
25.6995 4.74003 46.351
27.081 3.56994 39.7154
24.0319 4.48605 44.1571
26.4231 4.97699 53.3184
25.3858 4.93731 53.7652
26.0938 4.99693 54.4599
26.2102 4.94324 52.5804
26.1499 4.97653 53.7313
24.8656 4.49367 50.7075
22.1674 4.78201 57.4323
24.999 4.9469 54.5556
28.6536 4.99997 54.9059
19.7301 1.21199 50.7787
27.118 4.99997 53.8607
24.9604 4.94616 54.5863
25.4968 4.8268 52.1112
25.3316 4.92931 53.603
26.2193 4.94955 52.7642
24.6414 4.52316 51.647
27.1307 4.99997 55.9714
27.9037 4.99997 54.1312
22.2189 4.4986 54.9441
23.3923 4.81922 54.7459
28.3016 4.99997 52.901
25.524 4.99092 55.4642
24.91 4.64811 51.9294
27.2536 4.99997 54.4714
21.3587 3.57127 53.222
22.9885 4.91799 57.5458
21.4843 4.76431 58.3834
23.8286 4.93189 55.7661
26.17 4.99774 54.796
26.1282 4.93447 52.44
23.802 4.74986 53.6468
24.908 4.53301 51.0878
26.3289 4.99982 56.9308
31.0419 4.99997 55.541
22.7177 4.90086 57.8275
26.7744 4.99997 53.9144
24.9285 4.90071 53.3712
25.3624 4.92306 53.3543
21.8438 4.75189 57.6564
28.1446 4.99997 53.1212
26.092 4.95804 53.244
24.4898 4.9615 55.538
26.1235 4.79792 50.7789
24.7106 4.98585 57.047
26.078 4.99543 54.3569
24.2513 4.88161 53.8955
26.3683 4.89133 51.2372
23.9388 4.71134 53.2872
24.9562 4.98494 56.0271
23.5522 4.95748 57.4495
33.0314 4.98273 79.6393
39.7287 4.46073 76.8187
33.7651 4.99942 78.9723
38.658 4.69109 76.8287
34.0752 4.99996 79.992
32.7315 4.98416 81.531
36.2173 4.99996 80.9907
38.6937 4.95935 80.0238
33.7788 4.99946 77.1417
35.2316 4.98216 76.74
38.8574 4.89611 78.824
37.0647 4.99996 83.3546
36.0722 4.99996 79.8503
33.8179 4.99961 75.6255
37.2154 4.9919 79.7063
37.2141 4.99996 80.3863
35.4005 4.99996 83.6394
36.8498 4.96863 77.8114
35.9932 4.99996 79.2776
37.5269 4.99996 81.6947
34.4678 4.99996 80.2207
35.6895 4.99996 81.9598
33.507 4.99448 79.8755
33.433 4.99349 79.7628
32.1615 4.9637 79.8772
37.2783 4.99996 80.1683
35.0062 4.99996 78.0572
34.2466 4.99996 77.548
38.1933 4.98142 80.3103
36.1546 4.98496 77.863
36.4747 4.99909 79.222
32.9255 4.98818 81.8311
33.9173 4.99993 80.6081
34.9794 4.99996 81.5601
34.6054 4.99996 80.4176
34.7008 4.99996 80.7771
38.9761 4.99996 82.1352
36.2824 4.9994 79.0206
38.2253 4.99996 83.1043
39.3335 4.99996 83.1915
35.4433 4.99996 81.053
34.0735 4.99996 79.9366
35.7806 4.99996 79.037
38.4121 4.97943 80.4581
36.2091 4.99689 78.768
36.1049 4.99996 79.1405
35.3383 4.99996 81.252
33.6151 4.99782 78.9552
34.782 4.99996 79.7534
30.74 4.79279 79.0919
36.6837 4.99557 64.1769
37.3261 4.98646 64.5456
39.1062 4.9301 64.9049
36.7287 4.99679 66.2182
38.7214 4.97034 65.8013
38.4686 4.96551 63.454
30.7756 4.99159 67.4074
35.167 4.99997 65.9133
34.9284 4.99997 68.6302
34.963 4.99997 66.8912
37.0208 4.99365 66.0918
36.236 4.99997 69.5675
38.9816 4.95319 65.0145
33.413 4.99997 66.5102
38.9542 4.96782 67.1881
37.5614 4.94914 71.9228
37.979 4.97909 62.6919
35.2148 4.99997 65.7592
35.1838 4.99997 68.0698
38.1366 4.97972 65.6003
34.7206 4.99997 69.0005
35.0847 4.99997 67.5331
31.8688 4.99997 66.4563
36.9575 4.99029 64.0985
48.4097 4.99996 78.3141
44.9488 4.99996 81.0503
45.9177 4.63815 75.0669
45.9488 4.9857 79.3012
45.1818 4.97631 79.7764
48.266 4.99996 80.3802
49.5104 4.99996 80.8889
46.4265 4.91437 76.6711
48.6289 4.96916 76.1679
51.0185 4.99996 83.5864
47.146 4.99996 80.6485
49.7239 4.99996 80.3849
49.4456 4.93595 74.6619
45.3512 4.97034 79.422
49.3305 4.99996 80.1462
47.1029 4.99996 80.8455
44.8673 4.99996 81.0937
47.7895 4.99996 80.2554
51.5409 4.99996 79.6756
43.5982 4.99996 82.8233
47.5763 4.95241 76.5384
49.8127 4.99996 81.4548
52.0824 4.99204 76.4114
46.7059 4.99996 81.4981
48.8784 4.99996 79.8152
50.2956 4.99996 79.8874
49.9503 4.99996 77.2009
53.5163 4.99996 82.2261
45.0045 4.93893 78.7512
46.2656 4.99996 81.9633
48.4426 4.99996 81.6264
47.8961 4.99996 79.353
46.233 4.99996 79.724
51.9617 4.99996 79.2851
45.8848 4.98616 79.3793
49.8094 4.99996 81.5577
48.2169 4.99996 81.974
46.7607 4.95984 77.5605
47.4959 4.99996 81.52
46.0205 4.99996 82.4428
46.7643 4.95074 77.2458
45.9845 4.99996 82.0063
47.3597 4.99996 81.5333
44.8941 4.99996 81.4197
47.6991 4.98116 77.351
48.1493 4.99996 79.8637
46.2786 4.99996 79.9773
42.5719 4.9227 80.4173
47.6339 4.99996 81.0108
49.6794 4.99996 79.4331
38.3856 4.69468 75.0829
40.1102 4.34537 73.6199
42.0784 3.97732 75.7534
41.9047 3.91689 75.189
43.0896 4.09888 75.2659
43.2329 4.43755 76.9607
42.8609 3.77772 72.5809
46.1901 4.94236 77.5632
40.9427 4.03595 75.3806
42.5214 4.63732 78.2863
41.4323 3.87386 73.832
41.6036 4.7662 79.8577
39.8499 4.89248 79.6793
42.9337 4.21021 76.1785
39.1224 4.79603 78.2105
44.4841 4.72339 77.422
40.7213 4.14694 76.0405
40.4517 4.22075 76.0851
44.2692 4.61216 76.9223
40.5135 4.12429 74.6218
41.1488 3.96044 75.2443
42.4923 4.05636 75.8483
40.6801 4.13045 75.5288
39.5165 4.47564 76.1613
42.9893 3.75696 72.8086
40.7791 4.10211 75.583
42.0093 4.1915 71.5257
41.792 4.68075 79.0183
40.6099 4.17805 76.1001
42.0336 4.17892 71.6612
43.6783 4.8509 78.9504
44.7046 4.62135 76.4953
41.2139 4.24168 77.4594
43.8609 4.61797 77.3323
40.8364 4.12117 76.4108
44.2887 4.50429 76.1476
44.6566 4.63079 76.6346
42.0942 4.19551 70.9953
44.8105 4.46025 75.237
45.0531 4.28173 74.0421
45.053 3.64156 71.613
46.3878 3.83428 72.2563
39.8104 4.35383 74.6626
38.9119 4.85123 72.0924
40.1095 4.24077 74.412
39.6561 4.57261 77.1398
43.9686 4.14334 74.2963
43.717 4.6369 77.5437
42.7893 4.39129 77.152
41.1972 4.00956 73.5497
40.6195 4.99996 89.5033
42.7111 4.99996 94.7569
43.691 4.99996 92.048
42.3424 4.99996 87.3112
46.3992 4.99996 92.9743
41.1239 4.99996 91.8961
40.8876 4.99996 94.9744
44.3369 4.99996 93.6691
44.9108 4.99996 92.0551
39.6157 4.99996 90.3877
39.9639 4.99996 89.0646
42.0631 4.99996 91.4097
40.0482 4.99996 89.776
42.5655 4.99996 93.9165
43.9142 4.99996 90.9708
41.0312 4.99996 91.3006
41.1139 4.99996 95.5712
43.5237 4.99996 92.6073
40.6076 4.99996 93.216
41.9515 4.99996 94.0424
42.486 4.99996 90.9686
41.4823 4.99996 91.7687
41.1888 4.99996 90.1012
41.0188 4.99996 91.3434
40.6428 4.99996 96.0462
38.7521 4.99996 92.3748
42.3693 4.99996 88.6103
40.3268 4.99996 95.1874
43.944 4.99996 90.7025
42.5548 4.99996 93.7894
42.3569 4.99996 90.6854
42.4869 4.99996 91.4106
41.2472 4.99996 94.0339
42.2322 4.99996 89.6837
38.0699 4.99996 92.6271
44.1927 4.99996 93.6303
39.8564 4.99996 91.1468
43.6312 4.99996 96.791
42.2052 4.99996 93.8525
43.8665 4.99996 91.2509
38.7891 4.99996 92.8966
40.4195 4.99996 87.982
39.0501 4.99996 92.856
40.8011 4.99996 94.8521
38.4203 4.99996 91.6272
43.7237 4.99996 89.6715
38.8074 4.99996 95.5552
40.515 4.99996 90.2212
41.2412 4.99996 88.5132
43.1298 4.99996 93.1727
37.3675 4.99996 99.4708
39.8598 4.99996 97.2658
37.1157 4.99996 92.0524
38.8419 4.99996 94.5211
36.4298 4.99996 97.1993
37.5332 4.99996 97.6421
35.0077 4.99996 99.1816
34.7937 4.99996 98.6695
40.6989 4.99996 97.4484
37.9641 4.99996 97.7778
39.0707 4.99996 96.7637
37.5482 4.99996 98.1425
39.0669 4.99996 100.472
36.924 4.99996 100.22
36.1213 4.99996 96.1926
34.348 4.99996 96.0699
36.9505 4.99996 98.3742
39.9139 4.99996 99.9731
39.3856 4.99996 97.0346
41.5114 4.99996 97.7263
34.2023 4.99996 97.5935
34.2317 4.99996 97.2737
40.2791 4.99996 95.0481
38.2807 4.99996 97.4799
38.2934 4.99996 97.0531
38.1696 4.99996 97.1969
39.5029 4.99996 97.082
36.3076 4.99996 97.9987
32.2599 4.99996 92.9759
37.2905 4.99996 95.8962
35.9634 4.99996 99.2651
35.8323 4.99996 92.7307
40.0658 4.99996 98.8586
39.8794 4.99996 94.8761
37.8104 4.99996 95.5762
39.9224 4.99996 98.7319
37.3386 4.99996 96.754
34.9184 4.99995 101.941
34.3245 4.99996 95.1203
38.6032 4.99996 94.4096
36.0341 4.99996 98.5928
37.7514 4.99996 99.0313
37.4551 4.99996 97.0425
37.0067 4.99996 94.3193
37.8982 4.99996 100.595
34.5538 4.99996 98.0518
36.2962 4.99996 93.4204
33.4469 4.99996 99.4594
36.0828 4.99996 95.294
35.8171 4.99996 94.8311
39.4206 4.99996 90.0951
43.0268 4.99996 87.6091
41.4373 4.99996 90.3111
42.9813 4.99996 91.7653
42.8509 4.99996 90.3254
41.8163 4.99996 89.8032
44.891 4.99996 91.792
39.8602 4.99996 91.6578
42.4962 4.99996 95.6016
43.092 4.99996 90.4552
43.5395 4.99996 94.7247
39.7787 4.99996 89.1431
45.1939 4.99996 92.7662
42.5447 4.99996 89.6693
43.1528 4.99996 90.3258
38.9496 4.99996 90.7077
42.1235 4.99996 91.5018
39.6566 4.99996 86.4988
42.2428 4.99996 93.9697
43.7087 4.99996 88.1182
41.7686 4.99996 91.6921
44.4506 4.99996 91.675
43.3527 4.99996 88.4798
41.4342 4.99996 93.4872
45.44 4.99996 87.7705
43.9824 4.99996 88.1255
44.0579 4.99996 91.036
42.5853 4.99996 93.1075
42.266 4.99996 90.6317
41.5501 4.99996 91.7134
40.7827 4.99996 87.7785
43.0342 4.99996 91.2058
42.0659 4.99996 90.4216
44.9925 4.99996 91.1486
39.0051 4.99996 90.5674
42.9527 4.99996 91.0466
43.3496 4.99996 90.0494
45.1145 4.99996 90.3626
43.6073 4.99996 86.5984
44.1781 4.99996 93.862
40.7455 4.99996 93.4032
41.4717 4.99996 89.8937
42.4133 4.99996 92.6562
43.3212 4.99996 94.5472
41.1334 4.99996 90.9658
41.275 4.99996 94.2568
38.8158 4.99996 88.5952
45.7828 4.99996 91.83
44.5146 4.99996 90.5425
41.3665 4.99996 90.7338
39.1394 4.93991 79.6791
44.1893 4.94783 79.8848
36.9929 4.99996 80.2167
36.4073 4.99996 79.8486
40.7227 4.6974 78.74
39.1073 4.84495 78.6202
37.4419 4.99996 81.3976
37.0563 4.99108 79.5179
41.976 4.00934 76.288
37.1763 4.86768 76.4118
36.1175 4.99996 79.4743
42.7678 4.42124 77.2734
40.7612 4.79538 79.6264
35.3876 4.99996 79.8201
37.5631 4.99996 80.5359
44.2568 4.99158 81.1759
38.8881 4.89608 78.8581
37.4947 4.87905 77.1486
39.2191 4.94654 79.9553
35.194 4.99996 82.3701
37.1057 4.99996 81.5852
36.013 4.99996 80.4355
36.3862 4.96235 74.9446
36.8982 4.98423 79.0205
37.0408 4.99996 81.0115
34.6923 4.99996 81.0094
38.9096 4.95629 80.1307
36.9753 4.99996 80.344
37.4572 4.98295 79.6289
38.9348 4.93626 79.4417
40.2056 4.96303 81.0365
38.8454 4.85688 78.4715
37.2097 4.97017 78.6413
37.4704 4.96378 78.7066
38.9249 4.97052 80.6533
37.2143 4.99996 82.7041
36.3525 4.9636 75.3489
38.077 4.99232 80.5826
34.9417 4.99996 79.2411
36.2799 4.99996 82.8302
38.9059 4.94692 79.7928
38.3983 4.94185 78.9983
36.4228 4.99996 79.9188
37.0667 4.90034 76.8529
33.0002 4.99673 76.8792
41.7255 4.46256 78.2455
37.7034 4.97528 79.6016
40.033 4.58518 77.5397
40.8743 4.81088 79.8615
39.7745 4.8555 79.2886
38.0979 4.74597 75.7738
36.8064 4.91513 76.111
39.1039 4.9375 67.7572
37.5451 4.93223 73.0361
38.8909 4.62595 75.3131
36.0885 4.96955 76.6366
37.2233 4.8517 74.4807
42.5932 3.88531 73.8556
36.2863 4.97495 73.4024
39.0147 4.74597 77.685
35.3911 4.9954 73.0027
40.1763 4.22987 74.5731
34.1229 4.99996 77.2074
37.4518 4.82916 75.1624
37.5072 4.89803 73.4057
36.9821 4.96291 72.5733
38.2674 4.83847 72.9875
37.8226 4.97122 70.4841
37.1712 4.9873 70.7319
36.4996 4.97811 72.8787
40.8205 4.00301 74.1541
38.4771 4.67289 74.4936
39.7164 4.41157 75.4968
36.3003 4.99997 71.3464
35.0798 4.98369 75.3446
36.6929 4.9955 70.5252
39.603 4.68569 72.1857
37.8297 4.96259 70.8258
34.1285 4.99879 74.051
32.8898 4.99634 75.9245
37.3079 4.84985 75.9883
35.5673 4.99997 71.6613
36.7419 4.92138 74.9125
39.2362 4.53574 75.081
39.1589 4.55627 74.073
37.0877 4.94858 73.2028
37.4716 4.85035 73.8566
37.9006 4.7592 74.7635
39.1096 4.55191 74.1686
37.1458 4.86099 74.3598
38.2644 4.91738 72.0855
37.7931 4.78463 75.4455
36.2849 4.99213 72.3159
38.6868 4.89419 71.9997
38.6431 4.90537 71.851
34.6237 4.99925 73.5263
34.5774 4.99132 74.0746
36.6934 4.98369 72.0168
36.0654 4.99235 72.5216
38.6565 4.66909 75.968
41.771 4.22766 64.9375
42.1517 4.07212 62.9545
40.4179 4.72907 62.3054
41.0691 4.60961 62.3184
39.9202 4.82134 61.5532
39.0783 4.96506 61.3857
40.5185 4.71455 62.0508
37.7607 4.98255 61.6421
40.2427 4.97285 58.527
41.314 4.54299 62.5798
41.1997 4.9123 59.2741
39.2397 4.92003 61.6447
40.2541 4.94184 59.7562
39.335 4.90468 61.6831
40.0164 4.79311 62.261
42.5252 3.85671 62.7797
39.012 4.97162 61.0775
40.6156 4.83128 60.6549
42.2097 4.37196 61.071
41.2726 4.82157 59.9488
41.0867 4.54037 65.0962
44.2829 3.05494 61.1922
42.2627 4.07469 61.7446
38.2238 4.96945 63.5716
38.9623 4.9874 60.0171
38.2659 4.98614 60.8434
40.4433 4.9408 59.2884
42.1915 4.56379 60.1779
39.0855 4.99997 58.4596
39.1756 4.91792 63.7929
39.6061 4.97176 59.3488
39.3617 4.99997 58.4749
41.1146 4.76002 60.5952
41.9777 4.1466 63.4857
43.7813 2.85323 63.2447
39.0387 4.9473 62.4594
41.8258 4.74516 59.5597
38.5759 4.9677 62.7177
41.7953 4.68319 60.0832
39.7236 4.94949 60.7069
37.7836 4.99997 59.4081
40.6451 4.62603 63.5861
38.2835 4.97569 61.69
40.1468 4.97511 58.5634
41.4576 4.5866 61.482
42.4901 4.56196 59.5918
40.5488 4.69611 62.7202
41.7775 4.60893 60.6729
37.6759 4.99803 60.5265
37.2296 4.98951 62.4653
38.8209 4.97678 61.0021
38.4949 4.97292 61.9857
38.2876 4.97564 62.0859
40.5885 4.99996 92.8226
39.4312 4.99996 92.9648
42.5144 4.99996 92.2998
37.8967 4.99996 87.8083
38.6543 4.99996 90.2502
36.1697 4.99996 89.3916
37.2451 4.99996 92.6542
39.3793 4.99996 93.3132
34.9709 4.99996 89.4693
40.449 4.99996 94.4001
36.9109 4.99996 94.6148
38.5414 4.99996 88.6134
34.9974 4.99996 92.1229
37.7947 4.99996 92.3159
37.5509 4.99996 93.7045
37.0427 4.99996 90.2547
38.2061 4.99996 97.7979
36.3898 4.99996 90.2832
37.3641 4.99996 92.2651
37.5362 4.99996 90.4893
36.7712 4.99996 94.407
38.6444 4.99996 91.1529
37.6896 4.99996 93.9191
40.47 4.99996 93.466
32.6602 4.99996 91.422
39.3904 4.99996 92.0059
41.9574 4.99996 94.0938
35.2036 4.99996 92.1754
40.2749 4.99996 90.7465
41.3646 4.99996 91.924
39.2638 4.99996 93.8604
36.7474 4.99996 93.7651
35.4707 4.99996 89.7393
36.7095 4.99996 91.9896
39.6301 4.99996 89.7511
37.8316 4.99996 89.3892
39.8362 4.99996 92.4177
40.0741 4.99996 91.4593
37.4243 4.99996 89.6351
39.3705 4.99996 88.9358
33.6995 4.99996 92.6894
41.2097 4.99996 93.4539
39.0719 4.99996 91.6427
36.7418 4.99996 93.1779
36.1041 4.99996 92.105
40.424 4.99996 88.8997
35.6433 4.99996 92.4514
38.5299 4.99996 93.6034
37.1284 4.99996 94.9237
37.0468 4.99996 90.8049
31.8762 4.99996 89.1589
34.224 4.99996 90.4748
33.8712 4.99996 87.5459
30.5214 4.94055 83.3416
32.9104 4.99996 88.7114
31.5955 4.99996 84.1719
34.2608 4.99996 90.8393
33.9844 4.99996 91.2608
31.2815 4.99996 91.1639
30.9113 4.99996 90.6528
35.9782 4.99996 88.7946
35.1335 4.99996 87.3281
32.3304 4.99996 89.8209
31.3589 4.99954 88.6933
33.9937 4.99996 90.0436
31.5556 4.99996 87.8096
33.6419 4.99996 85.7927
31.5386 4.98489 82.9702
35.211 4.99996 91.0619
30.1455 4.99996 93.4468
29.0829 4.99311 90.7998
34.3832 4.99996 93.4346
30.7669 4.99438 88.8017
31.3418 4.99939 86.9518
33.9853 4.99996 89.2453
32.1659 4.99996 92.4405
31.6921 4.99996 87.0191
31.3834 4.99975 88.8092
32.21 4.99996 92.361
34.4393 4.99996 89.2932
34.5765 4.99996 89.2602
34.0961 4.99996 89.8447
32.0291 4.99996 89.7473
32.3009 4.99996 89.5072
33.9711 4.99996 88.4725
33.0742 4.99996 90.1933
33.8559 4.99996 84.4429
31.8188 4.99996 84.9703
34.3026 4.99996 89.948
33.0038 4.99996 89.6895
32.2787 4.99996 89.4464
33.2451 4.99996 89.5702
32.9765 4.99996 89.4507
31.3808 4.99973 86.7964
33.8055 4.99996 88.9928
31.6049 4.99996 88.4304
31.946 4.99996 91.2007
35.0883 4.99996 93.0704
29.7462 4.97929 87.4859
35.0794 4.99996 87.7581
22.9722 4.99995 101.782
27.0464 4.99995 106.511
23.8199 4.98047 98.5182
24.2676 4.99995 101.771
22.4391 4.99995 104.308
23.4107 4.99995 102.469
23.6154 4.99996 101.279
26.7873 4.99995 101.887
23.3306 4.99995 101.87
23.1652 4.99995 102.937
23.9911 4.99995 102.208
26.8137 4.99995 102.257
26.3865 4.99995 102.13
23.5309 4.99995 102.904
26.5156 4.99996 99.9105
25.3967 4.99996 100.832
22.5978 4.99995 102.739
21.4723 4.99995 103.274
24.2286 4.99995 104.866
27.7702 4.99995 101.828
25.005 4.99995 103.166
25.222 4.99995 104.409
24.3709 4.99995 103.442
24.2358 4.99995 108.781
26.3517 4.99996 99.9181
22.6548 4.99995 101.843
23.2983 4.99995 104.068
25.2209 4.99995 102.512
23.6972 4.99995 105.143
26.8366 4.99996 101.041
22.5123 4.99995 102.818
26.8771 4.99995 102.377
25.7307 4.99995 103.604
23.425 4.99995 102.937
23.685 4.99995 105.305
23.4311 4.99996 100.736
25.4075 4.99995 103.408
22.4098 4.99995 103.076
20.8285 4.99995 102.934
28.1005 4.99996 99.4428
21.133 4.99383 101.706
27.5769 4.99996 98.5805
22.6125 4.99996 101.451
24.3933 4.99995 103.32
25.4002 4.99995 103.196
25.355 4.99996 100.847
20.8223 4.86918 99.3202
25.0819 4.99996 100.416
25.2245 4.99996 101.553
26.0635 4.99995 102.377
13.9488 4.99739 109.896
14.3141 4.99459 110.657
10.2782 4.99656 109.212
11.6725 4.97618 107.977
12.0529 4.9941 110.299
13.0773 4.99431 110.32
14.1342 4.99995 109.242
14.7145 4.99804 110.381
14.9629 4.99515 106.58
13.1504 4.99348 107.351
12.0589 4.98926 110.939
15.8475 4.99995 107.604
13.0946 4.9935 107.405
14.1374 4.99911 109.752
8.7585 4.95314 107.851
14.3091 4.99829 107.733
11.555 4.99429 110.162
11.2127 4.98415 108.669
12.2717 4.98138 107.644
10.545 4.97667 111.714
15.1174 4.99995 108.973
16.6415 4.99995 108.994
11.292 4.99806 109.278
10.5577 4.85106 112.862
13.1367 4.99537 110.14
14.4213 4.99885 108.001
14.5385 4.99951 108.342
12.4228 4.97313 107.141
10.2012 4.99011 110.658
15.5795 4.98873 111.972
9.87005 4.33805 114.838
16.1264 4.99869 110.324
16.6137 4.99959 109.914
13.1189 4.99347 107.381
12.0323 4.9989 108.638
12.6667 4.99734 109.805
16.0305 4.99995 107.714
11.701 4.96146 107.306
10.2393 4.99673 109.785
12.655 4.99869 108.497
14.3033 4.82948 104.496
13.3216 4.95548 112.226
11.8541 4.93549 106.632
10.6176 4.95827 107.536
13.7607 4.99914 108.802
11.6806 4.97641 107.98
9.25103 4.9892 110.257
13.8513 4.99915 108.779
12.6677 4.99699 109.863
9.37536 4.98285 108.657
3.11754 4.69989 115.247
5.30096 4.99995 110.072
7.87158 4.95486 107.798
6.20627 4.99064 111.674
7.48698 4.91514 112.545
5.28967 4.94953 107.56
4.00932 4.99995 110.681
-0.221896 4.83593 110.163
3.96408 4.95187 113.846
2.71354 4.97847 112.77
3.15546 4.99864 109.9
2.52636 4.98905 109.982
1.76734 4.98551 110.539
5.72106 4.99023 109.005
3.98154 4.99995 109.503
3.45602 4.98124 112.654
3.91175 4.95049 107.791
3.86851 4.97041 108.421
4.62019 4.99569 111.903
7.37565 4.7252 106.239
2.46262 3.61003 117.681
8.90192 4.78107 112.946
8.42529 4.94573 107.572
5.92325 4.99625 110.608
1.1508 4.987 112.072
6.99017 3.71964 103.995
2.53388 4.99143 110.11
0.901113 4.91618 113.605
1.9109 4.99909 111.17
0.482501 4.92141 110.058
3.8294 4.9611 108.135
6.2278 4.99247 111.211
5.07815 4.88919 113.942
2.43674 4.99344 110.322
3.52446 4.99078 109.208
4.25963 4.9627 108.123
3.5864 4.95971 113.553
-1.86773 4.531 112.766
1.83199 4.98262 112.543
3.64576 4.92409 114.438
2.56349 4.91146 107.873
4.07597 4.99995 110.886
-0.553878 4.89573 111.297
1.28109 4.94756 109.28
4.93876 4.97399 108.409
2.50567 4.99995 110.815
3.06906 4.99851 109.979
5.37003 4.99836 110.656
0.933515 4.9753 111.425
3.47721 4.99995 110.407
13.9004 4.87598 105.392
12.2641 4.24831 103.88
14.0713 4.99687 106.995
12.7267 4.16554 103.546
14.1346 3.83202 102.231
13.4441 4.91545 106.011
14.5215 3.48831 101.3
16.6412 4.99355 105.926
14.0377 4.40217 103.424
13.5097 4.99739 107.606
20.0233 4.99995 107.667
11.9532 4.09565 103.697
13.7257 4.54119 103.908
14.052 4.93144 105.894
11.4532 4.66701 105.663
14.3196 4.86537 104.894
17.1415 4.99995 107.677
13.2755 4.74278 104.604
15.5541 4.99008 106.011
15.9417 4.99967 107.043
15.5084 4.81741 103.807
15.8665 4.6815 102.867
17.2549 4.98013 104.145
16.1899 4.97504 104.481
15.9903 4.9998 107.086
14.1215 4.24039 103.04
11.1326 4.88137 106.615
14.4327 3.94319 102.206
18.8547 4.99995 105.353
14.6492 4.44578 103.013
18.0914 4.94134 102.456
12.3911 3.91808 103.214
14.5593 4.99767 107.053
12.4246 4.10019 103.531
15.6745 4.98983 105.97
12.6007 4.97974 107.264
13.9073 4.19054 103.117
16.7204 4.97608 104.236
15.0969 3.32952 100.597
13.8838 4.95785 106.349
17.5281 4.99995 106.363
15.1823 4.88314 104.331
14.8836 4.97858 105.69
15.0473 4.10276 102.019
11.7656 2.23649 101.665
13.6185 4.86139 105.347
15.943 4.99995 107.926
15.3264 4.99901 107.204
13.7942 4.99669 107.12
14.0982 4.94314 105.987
20.5402 2.80575 94.57
21.6809 4.83149 98.3373
20.2023 3.56924 95.9675
25.1395 4.99996 99.9187
22.7657 4.69265 96.4718
21.5268 4.09458 95.9415
22.8551 4.98042 99.3421
21.434 4.86841 98.7836
19.9168 2.98517 95.2621
27.4389 4.99783 95.5555
19.9604 4.07891 97.0761
23.7606 4.92268 96.802
22.3724 4.9739 99.497
20.6595 4.87595 99.5232
18.7742 3.76053 97.4344
21.6715 4.95775 99.3856
20.8876 3.37098 95.1882
22.442 4.64097 96.5069
24.6443 4.95075 96.0432
21.1436 4.96455 100.224
23.6271 4.6153 95.0546
20.3441 4.54562 97.9361
21.2615 3.6076 95.3493
21.3198 4.99995 103.24
19.6474 4.62079 98.9454
22.7482 4.99996 101.316
20.5014 4.08936 96.6589
22.2235 4.17917 95.371
21.9556 4.94807 98.7179
20.6114 4.56105 97.7938
19.5352 4.25799 97.9142
19.3942 2.30899 94.6931
21.369 4.87106 98.8621
21.4026 4.55237 97.0659
20.8 4.66303 98.1974
22.3728 4.99996 101.053
21.4344 4.81482 98.4867
22.4876 3.56735 93.7834
20.7092 4.96509 100.622
21.6683 4.86971 98.5611
25.3868 4.89555 94.8878
21.3124 4.97804 100.759
23.7112 4.97238 98.2642
22.2075 4.97036 99.4837
17.246 1.57569 95.7123
19.4995 4.77339 100.008
22.9216 4.97523 99.059
22.9771 4.9647 98.5606
26.7769 4.99996 97.9212
24.0784 4.97959 98.2296
24.3858 4.72656 94.9212
26.8261 4.81836 90.3992
26.9288 4.94823 92.9507
28.2123 4.99996 95.2345
27.8084 4.94285 91.2695
27.0336 4.97866 93.9607
27.3021 4.9693 93.0303
27.3451 4.98533 94.5566
29.6849 4.99996 92.7889
23.1585 3.05242 91.2643
28.0894 4.99603 94.7475
24.4667 4.98166 97.9296
23.7791 3.4576 90.6053
26.432 4.95564 93.8006
26.6961 4.91693 92.4113
26.2972 4.90636 92.9356
23.0128 3.04034 91.7168
24.222 3.87051 91.0234
26.8177 4.97878 94.5119
21.771 3.44203 94.5816
26.239 4.87129 92.2633
27.5475 4.92468 90.6376
23.8692 4.55246 94.4031
29.4888 4.99996 92.9915
28.7287 4.99633 91.8922
25.2361 4.23394 90.1545
26.814 4.97615 94.0846
24.0917 3.35264 89.446
26.4453 4.90065 92.3007
23.7225 4.47213 94.3321
31.3279 4.99996 91.2646
24.8904 4.68791 93.6543
21.9248 1.68144 90.519
24.2097 4.82187 95.6974
27.4021 4.99996 95.8574
26.2105 4.97772 95.2049
27.5094 4.94902 92.2122
22.0462 4.44214 96
21.9684 2.9208 93.1752
24.5993 4.38146 92.6025
27.0018 4.98445 94.8231
31.0296 4.99996 96.7658
30.4183 4.99996 90.5929
25.9005 4.60568 90.8233
24.8877 4.41532 92.2926
24.658 4.63668 93.4786
25.5672 4.77201 92.7425
28.5685 4.98305 91.6485
26.5844 4.99996 96.7689
26.689 4.86823 91.2015
28.6115 4.9397 88.7309
26.8132 4.27889 85.4587
28.6549 4.86477 85.6291
27.9455 4.85716 88.6349
30.6156 4.98776 85.8855
27.8469 4.81753 87.5923
27.2141 4.27387 84.7165
26.674 4.00537 84.5344
27.4029 4.35658 84.7325
28.6292 4.8536 85.4875
27.6601 4.64423 85.6869
29.6606 4.95036 85.3891
26.9179 4.25959 85.1878
28.5072 4.9291 89.0642
28.104 4.73939 85.5762
30.2813 4.99996 90.7801
28.7142 4.9527 88.7874
25.6386 3.68044 86.188
29.0425 4.97934 89.2111
25.155 3.37266 86.5084
27.8096 4.48549 84.5551
27.0164 4.1044 84.3441
25.5135 3.83396 87.1534
28.5163 4.8136 85.1026
25.0312 2.69359 84.5518
26.4144 4.43459 87.0146
25.7199 3.70047 85.9979
28.5058 4.63998 83.7694
26.6143 4.70687 89.3717
29.759 4.91942 84.4421
26.7468 4.50644 86.9906
26.9756 4.77997 89.7164
31.1712 4.99996 91.3989
30.7255 4.99965 89.9066
29.2029 4.96772 87.009
26.3317 4.48211 87.8024
27.2468 3.71433 82.4946
27.7076 4.74923 87.2475
27.2955 4.73299 87.9541
31.3294 4.99928 88.4987
28.625 4.95155 89.3405
31.2284 4.99721 86.422
27.9147 4.84471 87.7039
29.1581 4.95282 86.1586
28.6868 4.92298 86.8248
27.478 4.69666 87.2368
30.6822 4.99138 87.1359
26.9383 4.33757 85.4858
26.2454 4.07463 85.8203
26.2124 4.37998 87.5159
30.7034 4.87857 77.8431
28.5499 4.31727 77.6967
26.7441 3.06423 81.6624
31.285 4.91864 79.4655
27.5662 3.82326 76.5038
26.8502 3.40863 73.836
29.746 4.59691 79.9725
29.1183 4.67645 73.4997
27.5977 3.74059 77.405
28.9076 4.34962 79.3855
28.4201 4.12395 80.6631
26.8239 3.08206 77.8464
31.0729 4.92641 77.7635
29.7682 4.78512 76.4604
28.8906 4.50884 77.9088
28.2499 4.26125 76.6574
28.3434 4.33748 76.0948
28.5437 4.17471 78.7068
28.6515 4.27644 78.4744
28.4673 4.40872 76.4467
30.6406 4.86449 78.1322
29.7594 4.59117 79.8575
28.9208 4.66229 74.6077
26.7942 3.36745 75.1035
29.9291 4.79739 75.3148
30.2834 4.84777 76.8404
28.132 4.01507 77.9267
28.9654 4.35345 79.1845
28.041 4.11092 76.7979
29.7439 4.7779 76.9571
27.7177 3.89278 76.8621
30.8887 4.92032 75.6711
30.4241 4.85785 75.0015
31.9279 4.9732 81.1787
29.3044 4.72166 75.7757
33.3968 4.99249 79.6889
27.7692 3.97578 75.8372
28.2739 4.28104 76.5223
28.7035 4.31365 78.4486
26.9948 3.03931 80.2826
27.6955 3.62972 80.6315
29.9626 4.80573 75.844
28.691 4.5177 73.2409
32.8566 4.98753 71.6705
28.9707 4.9874 65.7284
30.6361 4.91981 69.8697
25.5914 2.89348 69.8017
27.1363 3.86323 70.3353
30.736 4.93186 69.3783
28.6157 4.80236 68.4696
28.7573 4.54544 72.393
29.087 4.7443 70.1308
28.454 4.85264 67.6011
27.6771 3.89403 72.4511
28.321 4.27749 72.1185
29.9204 4.98379 67.5812
31.2856 4.99612 67.334
26.5712 3.2316 72.4151
30.7556 4.98693 68.4923
26.707 3.30983 71.9235
32.3433 4.99344 69.7484
26.4188 4.14976 68.0218
32.1505 4.99474 68.6536
29.8846 4.76982 72.5427
32.4222 4.98321 72.0174
30.3622 4.85745 71.1523
29.436 4.85912 68.7296
27.709 4.18982 70.2147
28.3554 4.29718 71.9673
25.8573 3.13015 69.7009
27.1932 3.99068 69.7793
29.8545 4.75799 72.0269
28.251 4.36613 71.074
29.0173 4.65048 71.4371
27.7237 4.75578 67.7594
27.5198 3.80331 73.0024
27.5353 4.15327 69.5937
27.7716 4.16078 70.7072
29.322 4.85178 68.7021
26.0761 3.32999 69.5953
27.2703 3.65223 72.7335
26.2532 3.29367 70.3987
27.2882 3.95781 70.319
29.0236 4.99311 65.0926
30.1484 4.80874 71.4434
29.359 4.7844 70.1004
31.9295 4.98577 70.4686
32.2159 4.99291 69.7931
29.3086 4.69326 72.8295
29.4277 4.82333 69.283
28.8776 4.98841 65.5223
30.5009 4.99566 66.2616
26.8944 4.9992 62.3209
27.538 4.99851 63.1318
29.0839 4.99194 65.2933
27.2975 4.91431 65.6483
27.6577 4.98853 64.8975
27.2587 4.993 64.158
27.5411 4.78659 67.1057
28.6562 4.99487 64.6316
29.9634 4.98699 66.8944
29.3447 4.91747 67.8985
27.1396 4.91941 65.4532
27.8788 4.85628 66.7187
26.4374 4.72729 66.3822
27.8206 4.99714 63.7451
26.3863 4.92164 64.7073
27.7319 4.84321 66.6697
28.3481 4.99655 64.2739
27.6608 4.98982 64.743
24.6798 4.88982 64.0906
25.9528 4.85462 65.0473
26.1478 4.99997 60.4042
27.909 4.98844 65.0339
27.3318 4.88911 65.8921
26.4928 4.79465 65.8723
29.386 4.98309 66.6796
28.0912 4.91357 66.4206
27.8965 4.92681 66.122
28.3601 4.90275 66.8331
26.3199 4.99997 61.4025
27.7256 4.99776 63.4995
50.2562 4.99995 107.217
49.6579 4.99995 107.005
51.7355 4.99995 108.857
50.0417 4.99995 107.535
49.7699 4.99995 107.686
46.5447 4.99995 109.975
52.1266 4.99257 106.298
52.5407 4.99995 110.105
51.8969 4.99995 109.381
48.2956 4.99995 108.712
50.3611 4.99995 111.342
50.4705 4.99995 109.711
52.0274 4.99995 110.661
47.1719 4.99995 107.618
53.4419 4.99995 110.756
42.8362 4.99995 106.887
48.4431 4.99995 107.047
48.0292 4.99995 108.671
47.7539 4.99995 108.731
46.5945 4.99995 108.276
50.2856 4.99995 109.52
50.5601 4.99995 108.524
51.5991 4.99938 106.892
50.7957 4.99995 114.008
52.1476 4.99995 107.933
50.9942 4.99995 108.307
50.1417 4.99995 109.501
46.8067 4.99995 109.531
49.4263 4.99995 108.272
47.1289 4.99995 108.741
47.5431 4.99995 108.502
47.6811 4.99995 108.292
48.1854 4.99995 109.057
50.064 4.99995 108.837
48.1456 4.99995 108.527
48.8157 4.99995 111.468
49.5709 4.99995 107.517
50.9703 4.99995 108.883
48.267 4.99995 109.239
54.2572 4.96923 107.611
47.244 4.99995 110.479
49.5854 4.99995 108.217
51.4775 4.99995 106.314
49.8195 4.99995 109.584
50.9934 4.99995 108.063
51.2697 4.99995 107.837
46.9129 4.99995 103.636
50.2292 4.99995 104.796
44.9762 4.99995 109.138
49.7021 4.99995 108.971
43.4203 4.99995 117.632
44.4191 4.99995 119.37
43.2638 4.99995 119.161
42.0615 4.99995 116.236
43.0365 4.99995 118.338
43.8789 4.99995 116.864
42.2375 4.99995 118.109
45.7325 4.99995 117.684
42.7276 4.99995 120.294
45.0243 4.99995 119.341
43.1403 4.99995 121.439
42.0075 4.99995 119.83
43.1149 4.99995 117.005
45.7618 4.99995 118.869
42.3935 4.99995 114.172
38.417 4.99995 115.964
42.9273 4.99995 115.903
45.3262 4.99995 118.2
42.2166 4.99995 120.357
42.4707 4.99995 115.386
43.4806 4.99995 115.97
46.4419 4.99995 119.658
46.6756 4.99995 116.912
42.9496 4.99995 121.148
39.9239 4.99995 116.26
42.5204 4.99995 115.908
42.8943 4.99995 115.668
42.917 4.99995 118.188
40.4295 4.99995 118.066
43.0031 4.99995 120.724
45.5092 4.99995 117.191
42.3688 4.99995 118.75
42.1319 4.99995 117.377
45.4135 4.99995 116.677
43.653 4.99995 119.717
37.597 4.99995 119.827
45.6322 4.99995 114.873
40.9339 4.99995 116.982
40.1018 4.99995 118.163
41.2287 4.99995 118.196
43.8627 4.99995 116.126
44.542 4.99995 118.97
43.438 4.99995 121.204
44.6172 4.99995 120.599
42.3424 4.99995 119.471
42.9207 4.99995 115.854
40.8728 4.99995 120.65
43.9336 4.99995 118.008
43.8872 4.99995 118.837
46.4535 4.99995 115.651
37.1008 4.99995 114.403
34.4957 4.97646 114.599
36.3872 4.99559 115.055
36.3155 4.98515 117.07
37.0515 4.99079 117.2
37.0276 4.99995 119.392
38.2961 4.99995 118.437
35.1744 4.99984 113.138
36.3896 4.99436 118.524
36.9517 4.99995 122.346
40.1896 4.99995 116.025
35.6915 4.95933 116.793
38.0714 4.99995 118.652
35.2907 4.98036 118.287
35.8699 4.99995 121.569
33.7781 4.92094 118.1
35.7722 4.99031 114.744
32.2439 4.84834 118.052
32.2327 4.93186 119.883
34.4294 4.91875 117.3
34.9683 4.99995 121.42
35.988 4.98863 118.331
37.3436 4.99995 112.632
37.7893 4.99995 115.498
35.4592 4.96964 117.574
33.5872 4.91621 115.644
34.3924 4.94373 115.73
34.449 4.92489 117.455
33.7914 4.98646 112.983
35.7319 4.98364 115.823
33.7796 4.93939 115.164
36.3866 4.99995 114.281
36.3766 4.98578 117.058
36.7618 4.99995 120.364
34.4744 4.92152 116.47
34.6974 4.9995 122.047
33.9572 4.93152 115.576
30.985 4.79278 117.666
35.3491 4.99995 111.632
35.8611 4.98751 115.407
35.9212 4.98977 118.663
36.0869 4.99646 119.453
35.9931 4.99583 119.492
30.6381 4.90351 119.202
35.6278 4.96131 117.136
34.7588 4.98502 119.786
32.9934 4.89526 115.657
34.5565 4.98963 113.408
38.9966 4.99995 114.562
36.9158 4.99995 113.276
36.8343 4.99995 109.536
34.1271 4.99995 107.856
37.7244 4.99995 111.863
38.1825 4.99995 107.893
39.7461 4.99995 106.186
37.0002 4.99995 112.945
32.8859 4.99995 107.314
36.4934 4.99995 108.679
36.581 4.99995 109.325
36.0278 4.99995 107.063
35.8914 4.99995 107.861
33.7985 4.99995 105.22
32.0712 4.99995 105.736
34.9329 4.99995 107.846
36.7626 4.99995 109.828
39.1136 4.99995 108.871
32.9692 4.99995 104.441
31.6352 4.99995 106.968
33.5496 4.99995 106.541
37.9644 4.99995 108.917
34.8227 4.99995 106.603
32.7678 4.99995 107.443
33.3166 4.99995 108.71
35.3058 4.99995 106.254
32.8446 4.99995 106.559
33.0824 4.99995 110.703
37.9175 4.99995 107.676
35.0982 4.99995 103.357
34.8086 4.99995 106.741
37.4761 4.99995 109.043
36.6852 4.99995 110.247
30.2132 4.99995 108.408
30.0678 4.9865 112.457
34.6356 4.99995 108.887
36.0722 4.99995 109.319
34.968 4.99995 107.631
32.6477 4.99995 107.863
35.2 4.99995 107.252
33.4745 4.99995 109.851
33.889 4.99995 111.439
32.828 4.99995 109.217
32.9706 4.99995 110.771
38.2368 4.99995 113.252
30.641 4.99995 107.227
32.6633 4.99826 110.911
34.678 4.99995 104.412
32.7769 4.99995 108.728
33.0789 4.99775 111.416
33.4957 4.99995 107.281
34.3956 4.99995 106.706
49.2402 4.99958 102.603
48.6266 4.99995 107.845
45.4409 4.99995 104.629
48.0788 4.99995 106.199
51.5051 4.99995 106.609
48.8792 4.99995 103.411
45.3038 4.99995 101.774
46.0707 4.99995 104.999
44.8707 4.99995 106.867
48.6518 4.99995 105.321
45.7312 4.99995 105.863
48.6926 4.99995 105.906
47.4719 4.99995 105.167
44.6242 4.99995 104.14
47.2889 4.99995 104.243
45.9724 4.99995 105.714
44.2914 4.99995 104.811
45.2624 4.99995 105.404
48.5526 4.99995 102.727
47.668 4.99995 104.072
48.9998 4.99995 100.893
47.6014 4.99995 106.232
46.9646 4.99995 103.306
47.908 4.99995 106.665
46.4609 4.99995 104.191
46.244 4.99995 105.704
47.4066 4.99995 108.087
46.194 4.99995 105.036
49.2936 4.99995 106.826
46.7063 4.99995 102.502
46.7475 4.99995 104.961
45.5493 4.99995 105.895
48.6987 4.99995 107.069
43.8549 4.99995 106.963
44.9573 4.99995 101.894
42.4566 4.99995 103.857
47.3795 4.99995 105.438
44.3383 4.99995 101.836
45.9994 4.99995 107.886
46.0262 4.99995 106.251
45.9814 4.99995 106.519
43.1705 4.99995 108.596
49.9896 4.99995 108.164
49.4381 4.99995 107.222
48.0941 4.99995 106.726
49.1628 4.99995 105.839
46.1443 4.99995 105.589
48.1932 4.99995 108.983
44.3434 4.99995 104.666
46.7156 4.99995 106.217
46.9644 4.99996 91.2329
51.4233 4.96915 91.0342
50.7171 4.98279 90.66
48.6761 4.99996 92.4013
49.8997 4.98768 92.2791
50.4873 4.99996 86.4454
53.0228 4.83424 94.9709
47.944 4.99996 93.8024
50.3037 4.99996 96.5188
50.6819 4.98274 90.7331
49.1567 4.99796 93.0829
51.574 4.99645 86.8829
47.8577 4.99996 89.8547
51.323 4.96601 91.6192
51.9333 4.88823 91.805
53.8638 4.5616 92.1703
45.2692 4.99996 91.1879
51.7365 4.96722 94.8052
47.9224 4.99996 88.8534
43.8683 4.99996 91.3532
49.0208 4.99996 88.2867
48.3491 4.99996 90.471
50.6367 4.97571 91.9743
45.7861 4.99996 94.4396
48.4326 4.99996 91.5169
48.9992 4.99993 91.0088
48.1913 4.99996 92.566
47.0502 4.99996 94.6457
48.4818 4.99996 91.9428
46.4661 4.99996 91.7986
49.5224 4.99619 90.7341
49.0218 4.99996 89.0662
50.4109 4.98947 90.4026
49.7369 4.99079 94.1831
51.2084 4.98839 88.6645
52.289 4.85311 92.8783
53.2159 4.72386 94.1494
50.0912 4.98454 92.1876
52.1971 4.90137 89.7378
51.5424 4.96654 90.7139
48.2358 4.99996 92.9898
46.9075 4.99996 90.4136
51.3084 4.98464 89.0883
49.8419 4.98761 91.9363
51.3519 4.97542 90.3807
48.1779 4.99996 91.6878
48.3813 4.99996 92.4815
53.0847 4.74218 93.979
49.8964 4.99677 94.9292
50.6786 4.99425 88.3755
46.9986 4.99996 88.3699
47.4542 4.99996 89.7556
46.5932 4.99996 91.5602
50.5346 4.99996 86.6682
47.5869 4.99996 90.7565
46.9509 4.99996 89.5532
51.0855 4.985 89.6638
52.5138 4.88633 89.0555
47.9432 4.99996 88.3341
48.7438 4.99996 86.9751
48.7204 4.99996 86.2971
49.6128 4.99179 92.1966
48.3084 4.99996 88.9875
52.1765 4.97205 87.0644
49.4868 4.99644 90.9958
45.6817 4.99996 88.4768
48.5409 4.99996 90.9988
48.765 4.99996 87.1294
45.9013 4.99996 87.5565
49.4408 4.99677 90.1309
46.4767 4.99996 86.6333
48.1338 4.99996 88.246
47.8803 4.99996 91.7397
44.197 4.99996 89.2215
46.2617 4.99996 84.8288
46.3658 4.99996 90.069
47.2628 4.99996 90.7892
47.1498 4.99996 89.8215
49.476 4.99996 87.3964
49.2542 4.99996 87.7199
47.3132 4.99996 89.9527
48.529 4.99996 89.5407
50.9821 4.97842 90.707
46.3206 4.99996 90.5222
47.8452 4.99996 86.8457
50.0202 4.99996 86.0843
45.3944 4.99996 84.7396
50.5855 4.98906 89.1939
48.5924 4.99996 90.3748
45.6764 4.99996 89.3385
51.7158 4.99918 85.9479
51.4682 4.99383 87.6433
49.6128 4.99554 91.0495
43.9097 4.99996 86.0961
48.2694 4.99996 86.625
50.91 4.99536 87.9878
49.7487 4.99996 86.117
44.9759 4.99996 86.1031
47.0915 4.99996 89.2551
48.8171 4.99996 86.0287
42.9303 3.79095 72.436
43.798 3.14119 69.6434
38.6607 4.81263 72.7285
41.4743 4.33707 71.297
43.7446 3.70657 71.9355
43.7441 3.95386 73.3654
39.9605 4.52073 72.8993
43.5117 3.79143 71.1005
43.0649 3.87579 73.4373
40.8637 4.51192 70.5573
44.091 3.68323 71.6588
40.0976 4.56245 72.2761
42.834 4.01716 70.8322
41.6147 3.80869 74.1665
45.0938 4.26569 73.9816
43.8338 2.94434 68.7107
40.979 4.55884 68.6194
43.2425 4.05677 74.6081
41.7243 4.30305 70.693
41.3606 3.82859 74.2825
45.0159 2.73865 69.5858
40.0789 4.41171 73.3544
45.7861 3.65001 71.7282
45.4071 4.15582 73.5502
40.6878 4.57556 70.0646
41.4339 3.82167 74.5359
40.9889 4.1455 73.2252
44.8815 3.4321 70.9513
42.422 4.09358 71.4017
44.9935 3.88398 72.9528
42.678 4.00519 71.7247
43.119 3.86232 70.5637
43.3589 3.47853 69.84
41.438 4.08364 72.8333
45.3217 2.51089 69.4514
44.4981 2.62215 68.7433
42.5129 4.00651 71.9145
43.533 3.78277 71.7589
44.7029 3.93399 73.195
43.489 3.79803 71.0772
43.2432 3.35302 68.4654
44.9616 3.52019 71.2303
41.7069 4.3315 67.8199
40.2064 4.52967 72.3443
43.4047 3.85892 71.1379
41.7739 3.79103 73.8089
43.3076 3.29237 69.097
40.7189 4.37108 72.5719
45.8097 3.59279 71.5277
44.1282 3.65906 71.5873
57.0901 4.92751 77.0715
57.5439 4.22639 72.4439
57.8074 4.92306 76.617
54.522 4.80489 74.1294
56.3336 4.80893 75.3941
57.3019 4.82908 75.4494
54.7199 4.8557 74.7921
56.9904 4.89034 76.3469
59.5474 4.27565 72.9267
54.1689 4.9278 75.8364
55.0374 4.90369 75.8471
57.2382 4.94597 77.5465
58.412 4.83881 75.159
57.2754 4.84942 75.7068
56.5517 4.1165 71.9168
55.8835 4.81304 75.1182
58.5113 1.13825 68.6737
60.7961 4.5197 75.1674
59.0656 4.68829 73.8885
50.9586 4.9907 75.6268
59.0734 4.85761 75.3376
60.124 4.40057 73.7306
56.2885 4.4447 73.1098
55.4164 4.87249 75.499
55.0322 4.90626 75.8942
58.6325 2.7836 70.4887
59.2604 4.81264 75.112
58.9796 4.84423 75.082
58.1919 4.77969 74.468
56.1167 4.76575 74.7152
59.8018 4.76712 75.7533
58.7121 4.64558 73.7767
58.4836 4.64932 73.8143
57.0053 4.90803 76.613
60.1465 4.5968 74.6319
57.0308 4.66135 74.0163
57.2501 4.48865 73.4407
57.9525 4.64549 73.8622
53.5504 4.97819 76.4153
56.8282 4.96399 78.3186
58.2084 4.72457 74.0832
54.2331 4.9021 75.3708
54.4631 4.49136 72.7056
56.4554 4.42834 73.1064
58.4743 4.60964 73.69
62.7022 3.24756 74.274
56.7709 4.93154 77.3707
58.6753 4.91863 76.3049
55.105 4.78944 74.2698
56.6212 4.09991 71.8587
57.6044 4.56731 83.6496
54.5101 4.98526 77.9018
52.9101 4.99996 79.0901
54.0438 4.99985 81.1253
54.3107 4.99858 79.2957
52.8427 4.99996 79.5765
57.4437 4.97377 79.7467
55.4633 4.91193 76.2434
55.4069 4.9396 76.7817
55.1644 4.99455 79.7267
58.5881 4.95882 79.3443
54.503 4.99768 80.1524
55.3594 4.99362 79.3058
51.2815 4.99996 77.9213
56.1219 4.98615 81.0075
58.1275 4.84862 81.4625
52.5512 4.99996 81.2407
55.1908 4.98308 78.0117
52.9775 4.98552 76.6368
52.8013 4.99996 78.0468
50.4834 4.99996 79.1862
56.2822 4.98926 79.2707
54.4633 4.9384 76.2062
53.1461 4.99996 80.3046
53.6953 4.98631 77.4433
56.2709 4.98495 81.0331
55.1604 4.98478 78.1758
57.2896 4.95926 77.9193
55.5994 4.98535 78.4556
55.4993 4.96599 77.6577
53.5439 4.99419 78.125
55.5122 4.99236 80.4233
52.1923 4.98957 76.2452
50.8958 4.99996 77.5978
54.7293 4.99661 80.7641
59.7961 4.75532 75.5587
56.375 4.98135 78.8721
54.0229 4.90614 75.3332
54.7152 4.99667 79.7439
52.3779 4.99996 79.3531
56.7661 4.98291 79.8848
56.8633 4.98012 80.3934
52.1338 4.9858 75.7462
51.7912 4.99996 82.3179
52.9557 4.97486 75.5907
51.733 4.99996 78.7556
54.1625 4.94491 76.1667
58.5405 4.94513 76.7968
53.9833 4.99996 80.4692
52.2297 4.94715 74.3128
53.1315 4.80425 73.5745
53.6736 3.1794 70.2778
50.4606 4.36671 71.5615
55.7571 4.82628 75.1868
51.0623 4.98679 75.1748
56.0785 4.80067 75.1096
51.1536 4.21993 71.2022
48.7598 4.38299 72.381
53.8054 4.93144 75.607
51.6977 4.85581 73.4165
52.0436 4.78168 73.0331
52.7224 4.80387 73.4263
54.4135 4.84902 74.4898
51.4038 4.99996 76.716
53.0591 4.92752 74.7723
53.099 4.92386 74.7416
50.3522 4.27141 71.4516
51.9423 4.98321 75.2364
50.6331 4.99104 75.6667
49.4953 4.37888 71.982
51.4537 4.51134 71.5453
56.2836 4.76599 74.8388
52.1983 4.69617 72.504
53.2817 4.99006 77.4257
52.3998 4.94148 74.3748
57.272 3.70086 71.3326
52.2504 4.97897 75.0839
56.0634 4.52458 73.3405
50.1642 4.9997 76.668
52.8814 4.50721 72.0011
52.1706 4.7617 72.9418
47.5838 4.51463 73.3473
53.8209 4.97151 76.4044
52.0985 4.35711 71.4233
50.9558 2.64369 69.069
51.0809 4.55757 71.7244
49.4327 4.99171 76.1423
52.7275 4.93154 74.5139
51.3194 4.96086 74.1042
52.7498 4.97756 75.467
50.1473 4.56912 72.3017
49.0858 4.99996 78.1354
50.4885 4.99996 77.5927
55.3698 4.90398 76.0367
51.1483 4.90571 73.7616
47.4326 1.3984 68.1346
52.3863 4.62481 72.2438
52.2845 4.97856 75.073
51.9729 4.88075 73.6849
47.5112 4.92061 75.75
29.4766 4.99997 54.172
26.2584 4.99867 55.6963
28.2762 4.99997 56.734
29.6272 4.99997 53.3693
30.5095 4.99997 55.6515
25.8044 4.71155 50.6414
27.6805 4.99997 56.579
29.3191 4.98882 49.9979
29.4595 4.99997 54.4537
31.3418 4.99997 54.148
27.94 4.95847 50.4113
28.3276 4.99997 54.2649
29.7136 4.99997 56.272
28.656 4.99997 55.0289
34.6362 4.99997 54.7659
30.7324 4.99997 51.4068
30.0388 4.99997 55.7801
29.1427 4.99997 51.7283
28.9423 4.99997 55.2256
24.6218 4.91671 54.3116
29.2312 4.99997 55.475
30.1928 4.99997 54.3868
29.177 4.99997 57.1321
24.3377 4.88265 53.7845
28.2829 4.99997 52.8048
34.4324 4.99997 52.742
30.7808 4.99997 53.1886
28.181 4.97615 51.447
29.2724 4.98592 49.7455
29.4157 4.99997 52.8184
27.6926 4.99997 53.8533
29.4605 4.99997 52.0308
27.4309 4.97518 52.2533
31.9453 4.99997 55.874
23.9368 4.70309 53.2514
27.852 4.99997 56.9089
29.3852 4.99997 51.6127
26.8873 4.99997 53.7332
29.9822 4.99997 50.9493
29.9396 4.99997 52.0786
32.5056 4.99997 54.3348
31.1751 4.99997 55.796
27.9228 4.99997 56.4583
28.0317 4.99997 52.9804
25.7184 4.99297 56.5149
29.0039 4.99997 55.7128
30.4087 4.99997 52.8129
31.2262 4.99997 56.1941
40.673 4.99997 56.3109
39.3279 4.9968 52.3244
37.3647 4.99997 51.8589
39.9923 4.99997 55.6436
40.7839 4.98477 53.6438
41.4628 4.97999 54.2347
38.8303 4.99997 52.7452
39.9727 4.99564 54.5886
40.2725 4.99997 56.6837
39.9644 4.99193 54.1314
39.0332 4.99924 52.8203
38.8701 4.99997 48.5519
37.5837 4.99997 52.3265
39.3802 4.99637 52.0226
40.7173 4.99182 54.8712
41.3318 4.99617 56.0114
37.4074 4.99997 51.3999
37.6765 4.99997 54.141
41.1571 4.96301 52.3129
39.5515 4.99997 57.421
39.2015 4.99785 53.632
43.0226 4.76839 53.611
40.791 4.96304 49.6806
41.1948 4.97002 52.9277
43.3969 4.74365 54.4158
36.4922 4.99997 52.6051
41.5491 4.98329 56.8335
39.5678 4.99482 52.307
41.3666 4.95431 51.9734
40.8898 4.99869 57.1984
41.3877 4.99315 55.7022
43.7682 4.75919 55.5823
41.1148 4.95645 49.5231
37.9388 4.99997 54.6756
41.0632 4.98247 54.0297
39.7351 4.98381 51.1476
39.0321 4.99997 54.6178
39.8308 4.99265 52.9473
39.4188 4.99605 52.7637
40.0108 4.99997 55.8343
41.0677 4.98243 53.9732
39.9633 4.99155 53.1008
42.135 4.87851 53.1372
42.3823 4.72043 48.6426
38.6513 4.99997 57.141
39.3285 4.99997 54.6947
42.2111 4.86142 52.5747
39.8921 4.99214 52.8864
37.0309 4.99997 56.2608
42.4771 4.83088 52.9103
34.7665 1.77745 39.2327
30.7975 1.48259 36.8736
33.1703 3.96127 42.375
31.418 2.63708 40.0786
36.1357 1.91343 35.7032
31.9154 3.39154 41.2024
33.4546 1.5062 38.3855
36.2885 1.73714 38.9214
30.8888 1.52147 37.0669
32.3528 1.89898 39.1746
35.4836 1.52814 36.9101
32.9796 1.54657 36.8185
28.9243 1.13889 35.2207
34.7484 1.60584 36.818
30.8265 2.10572 38.8366
36.4958 1.88103 39.1645
30.6143 1.58771 37.3978
32.3704 1.48229 36.8786
32.9837 1.49552 37.7363
30.7674 1.5319 37.1193
30.0264 3.09138 39.6072
35.2596 1.56623 36.3835
34.397 1.67175 36.9535
35.319 1.70643 37.9036
33.0443 1.66451 36.3175
29.9226 2.00821 38.0438
28.8156 1.40404 36.5123
35.9966 1.59132 37.7071
30.8708 2.87354 39.9838
33.2353 1.57646 36.7415
27.9248 1.77438 37.1447
29.936 1.55992 34.1409
31.8179 1.49478 36.4079
33.597 2.85788 34.92
35.8175 1.59861 37.6119
34.6584 1.79824 39.2701
33.9197 1.61496 37.2753
30.8592 1.73948 38.1525
33.914 2.21488 39.8591
32.3811 2.56743 39.9983
36.3331 1.9598 35.5973
33.9739 1.6583 36.5898
30.4875 2.23817 32.5982
30.1552 1.53118 37.118
33.6759 1.59658 37.1684
33.0946 3.32253 34.1191
31.1043 2.37762 39.4456
32.6972 1.48271 37.4539
31.0275 1.47767 36.8483
34.9082 2.90173 34.6793
33.3774 4.99996 101.207
32.0586 4.99995 102.328
33.6252 4.99996 100.471
37.0987 4.99996 98.103
34.7238 4.99995 101.783
38.4111 4.99996 99.7095
35.1516 4.99995 102.092
31.5018 4.99996 101.143
32.5564 4.99996 100.457
33.8628 4.99995 103.471
33.2155 4.99996 101.412
34.7761 4.99995 102.349
34.556 4.99995 103.39
37.6571 4.99995 102.637
32.4585 4.99996 100.934
33.5076 4.99996 101.386
31.4289 4.99996 99.0549
32.8361 4.99996 100.272
29.9856 4.99996 100.737
35.491 4.99995 102.284
31.3656 4.99995 104.041
33.2221 4.99995 103.035
35.2025 4.99995 104.399
39.3037 4.99996 100.892
35.52 4.99995 102.59
32.8304 4.99996 99.3654
33.327 4.99996 100.116
32.0806 4.99995 102.105
34.1909 4.99995 103.948
33.1485 4.99996 101.651
29.9066 4.99996 99.6383
33.3479 4.99996 100.652
28.6062 4.99996 100.484
31.9563 4.99996 99.6766
37.672 4.99995 103.24
33.036 4.99995 103.667
29.1602 4.99996 98.3025
32.8503 4.99995 102.451
31.0977 4.99995 103.164
34.5665 4.99996 100.455
34.1507 4.99996 101.507
34.0712 4.99996 100.652
33.989 4.99995 102.66
35.4326 4.99995 103.731
34.1618 4.99996 99.8029
32.5177 4.99995 103.822
33.9708 4.99996 99.674
34.0962 4.99996 98.9905
31.2419 4.99995 102.907
35.5899 4.99995 103.97
33.7797 4.99997 64.3025
31.544 4.99997 65.4545
32.7995 4.99997 64.819
32.4398 4.99997 64.7453
31.0852 4.99997 59.0034
33.9659 4.99997 62.1419
32.8895 4.99997 62.5435
35.7604 4.99997 62.3258
29.3756 4.99997 63.8677
31.4112 4.99997 61.47
29.6547 4.99997 61.3005
33.3006 4.99997 63.1437
32.145 4.99997 63.0184
33.142 4.99997 61.7258
29.0584 4.99997 61.0342
36.0549 4.99997 60.7617
30.5697 4.99997 62.3478
34.4853 4.99997 61.8792
35.2664 4.99997 64.0537
33.1108 4.99997 64.3997
31.2922 4.99997 60.3351
34.2237 4.99997 59.4017
33.5466 4.99997 62.705
31.5071 4.99997 58.5266
30.2772 4.99997 61.0114
31.2402 4.99997 61.96
34.3903 4.99997 62.4751
31.5613 4.99997 62.8864
30.0442 4.99997 59.821
36.682 4.99997 59.9141
29.8357 4.99997 62.9912
30.9077 4.99997 63.2734
35.5134 4.99997 59.6977
33.8415 4.99997 61.3003
34.4275 4.99997 66.4444
30.6893 4.99997 60.899
34.4465 4.99997 59.5754
33.4547 4.99997 63.8341
30.5862 4.99997 60.7247
33.1219 4.99997 64.1416
36.4811 4.99997 60.735
33.8653 4.99997 65.9747
32.1669 4.99997 63.4564
31.5787 4.99997 63.7745
35.0951 4.99997 61.7299
32.8745 4.99997 62.1714
35.3194 4.99997 61.5567
30.9896 4.99997 62.8843
32.0863 4.99997 62.5087
34.4147 4.99997 61.4531
33.1161 4.99997 60.4322
34.3587 4.99997 58.8403
28.6817 4.99997 57.6249
36.0064 4.99997 59.2265
33.3392 4.99997 58.3019
31.1694 4.99997 59.6115
32.9151 4.99997 64.3199
30.2609 4.99997 61.32
34.3252 4.99997 61.1283
36.9398 4.99997 58.9642
32.1007 4.99997 61.043
31.6172 4.99997 57.2819
31.7637 4.99997 63.6935
30.5582 4.99997 60.4571
31.9694 4.99997 62.2364
31.7535 4.99997 57.0339
26.9485 4.99997 61.6506
30.8823 4.99997 59.9732
33.706 4.99997 60.269
35.2355 4.99997 59.6578
31.6364 4.99997 59.0771
31.3877 4.99997 58.3239
34.4829 4.99997 60.7207
35.6674 4.99997 60.9463
34.9625 4.99997 61.3613
35.4874 4.99997 61.2607
33.0217 4.99997 61.2404
31.1332 4.99997 62.2111
33.8157 4.99997 58.7708
31.653 4.99997 56.3673
32.5309 4.99997 57.9914
33.1522 4.99997 58.317
32.3515 4.99997 60.3004
33.5352 4.99997 60.0877
33.305 4.99997 61.273
32.8019 4.99997 60.2589
33.8483 4.99997 57.677
35.7708 4.99997 59.4535
32.4067 4.99997 61.1563
31.1489 4.99997 60.3477
33.7266 4.99997 60.426
31.9847 4.99997 63.7576
34.385 4.99997 57.7171
29.8805 4.99997 55.8726
35.9738 4.99997 57.9419
33.0605 4.99997 60.5572
31.1191 4.99997 59.8281
35.52 4.99997 60.6387
31.3075 4.99997 58.6481
33.2408 4.99997 59.4081
